Spawn:
  world: world
  x: 27.470868391146634
  y: 84.0
  z: -8.603228732859336
  yaw: 0.060890146
  pitch: 5.5502386
