world: f8a59545-0957-4745-bde2-2d14bdcfb794
world-name: world
x: 27.4996280432082
y: 84.0
z: -8.42642458041283
yaw: 3.957244873046875
pitch: -4.800026893615723
name: lobby
lastowner: 45baf012-1864-3720-92a5-37356a2506ff
